112 7394 4854 3943 9155 8040 4497 7496 3529 1865 1381 6035 5893 8696 3006 157 9240 3742 1907 8940 5825 8697 3555 1587 9399 2678 1191 8900 6121 3361 3336 6331 7227 250 2154 6467 4628 2570 3318 998 6902 9438 4805 5709 4246 7860 374 1306 9584 6208 5740 7917 2924 2875 6533 4146 9898 1188 6026 4569 442 631 4291 5933 9851 3312 6868 4459 6517 245 2517 5222 1319 7341 781 2206 421 7016 3482 1765 897 6171 8284 2205 3244 7582 9175 4733 1074 6419 8981 6478 1688 3218 4439 6337 9395 8521 435 7483
1
2
3
4
5
100
99
98
97
96